16
12,4 11,4 13,4 12,3: 29
4,0 3,0 4,1 5,0: 28
4,9 4,10 3,9: 35
5,1 5,2: 22
8,0 8,1 7,0: 12
3,13 3,14 2,13 4,13: 38
5,10 5,9 6,10 5,11: 21
8,9 8,10 8,8 7,9: 42
10,6 10,7: 13
9,8 9,9 9,7: 35
0,5 0,4 0,6 1,5: 37
2,2 2,3 2,1 1,2: 37
11,5 11,6 10,5 12,5: 25
14,13 14,14: 25
0,14 0,13: 6
2,11 1,11 2,10 3,11: 45
11,14 10,14: 26
13,8 13,7: 19
15,5 15,4 14,5: 29
6,2 6,3: 23
7,1 6,1 7,2 6,0: 39
1,15 2,15 0,15: 32
15,14 15,15 15,13: 26
7,10: 13
4,2 3,2 4,3 3,3: 26
3,6 4,6 3,7 2,6: 25
5,3 5,4 5,5 6,4: 36
8,2 9,2: 12
9,1 10,1 9,0 10,2: 47
3,15 4,15 5,15: 32
8,11 9,11 8,12 10,11: 28
14,15 13,15 12,15: 19
9,10 10,10: 20
0,7 1,7 0,8: 28
2,4 2,5: 13
11,7 12,7: 7
13,1 14,1 13,2: 20
1,8 1,9 2,8: 17
13,10 13,9 14,10: 19
15,7 15,8: 17
7,3 8,3 7,4: 18
6,13 6,14 5,13 7,13: 35
7,12: 10
8,4 8,5 9,4 7,5: 42
14,8 14,9: 24
9,3 10,3 10,4: 32
0,0 1,0 0,1 1,1: 46
5,14 4,14: 16
11,0 11,1 10,0 12,0: 41
9,12 10,12 9,13 11,12: 23
0,9 0,10 1,10 0,11: 37
11,9 11,8 10,9: 17
13,3 14,3 14,2: 30
15,0 14,0 15,1 13,0: 34
13,12 13,13: 15
6,6 7,6: 13
15,9 15,10 15,11: 8
3,1: 4
12,13 12,14: 16
3,10: 9
5,7 6,7: 12
9,5 9,6: 25
0,2 0,3 1,3: 26
11,2 11,3 12,2: 24
9,14 9,15 10,15: 9
13,5 13,6 14,6: 23
15,2 15,3: 13
1,12 0,12: 18
13,14: 1
12,6: 12
3,12 4,12: 16
4,11: 1
14,12 14,11: 18
10,8: 3
1,14 2,14: 16
12,8 12,9 12,10 11,10: 48
3,5 4,5: 20
4,4 3,4: 31
15,6: 14
12,1: 2
6,15: 6
14,7: 16
8,6: 16
8,15: 11
11,11 12,11 12,12: 29
13,11: 16
5,6: 7
11,13 10,13: 29
1,4: 3
1,13: 1
2,12: 15
11,15: 10
14,4: 7
1,6: 2
6,5: 3
2,7: 14
2,0: 6
2,9: 3
15,12: 13
6,9: 14
6,12 6,11 5,12: 22
3,8 4,8: 15
7,14 7,15 8,14: 34
5,8 6,8 7,8: 24
8,7 7,7: 8
4,7: 11
8,13: 5
7,11: 11