16
12,4 11,4: 21
4,0 4,1: 16
4,9 4,10 3,9 4,8: 34
5,1 5,2 5,0 6,1: 31
8,0 8,1 9,0 7,0: 28
3,13 3,14 4,13 3,12: 27
5,10 6,10 5,11 5,9: 33
8,9 9,9 8,10: 25
10,6 10,7 9,6 11,6: 41
9,8 8,8 10,8: 31
0,5 0,4 1,5: 30
2,2 2,3 1,2: 19
11,5 12,5 10,5 12,6: 23
14,13 15,13 14,14: 20
0,14 0,13 1,14: 41
2,11 3,11 1,11: 34
11,14 12,14 11,13 11,15: 23
13,8 13,9 14,8 12,8: 28
15,5 14,5: 14
6,2 6,3 7,2 5,3: 30
7,1: 11
1,15 0,15: 17
15,14 15,15: 17
6,11 7,11 6,12 7,12: 43
7,10 7,9: 8
4,2 4,3 3,2: 32
3,6 4,6 3,7 2,6: 26
8,2 8,3: 15
9,1 10,1 9,2 11,1: 34
3,15 4,15 2,15: 26
5,12 5,13 4,12 6,13: 46
8,11 9,11 8,12 10,11: 42
14,15 13,15 12,15: 40
9,10 10,10 11,10: 21
0,7 1,7 0,6 0,8: 29
2,4 2,5: 14
11,7 12,7 11,8 13,7: 41
13,1 13,0 13,2: 27
1,8 1,9: 12
13,10 14,10: 20
6,4 5,4: 8
15,7 15,6: 12
7,3 7,4: 25
3,8 2,8 2,7: 28
5,5 4,5 6,5: 30
8,4 9,4 8,5: 20
9,3 10,3: 16
0,0 0,1 1,0: 15
5,14 6,14 5,15 4,14: 27
11,0 10,0 12,0: 31
9,12 9,13 10,12 10,13: 33
0,9 0,10 1,10: 30
11,9 12,9: 15
13,3 13,4 14,3: 32
15,0 15,1 14,0: 30
13,12 14,12 13,11: 26
6,6 6,7 7,6 5,6: 33
15,9 14,9 15,10: 25
7,5: 15
7,14 7,15 7,13: 19
3,1 3,0 2,1: 24
14,1 14,2 15,2 15,3: 25
12,13 12,12 13,13: 30
3,10 2,10 2,9: 25
5,7 4,7 5,8 6,8: 35
9,5: 12
0,2 0,3 1,3 1,4: 29
11,2 12,2 11,3: 31
9,14 10,14 8,14 9,15: 28
13,5 13,6 14,6 14,7: 36
10,15: 16
1,12 1,13: 6
13,14: 6
15,11 15,12 14,11: 15
7,7 8,7: 11
3,3 3,4 4,4 3,5: 32
4,11: 9
9,7: 10
15,4 14,4: 25
2,13 2,12 2,14: 33
8,13: 15
12,1: 1
6,15: 3
12,10 12,11 11,11: 15
8,6: 5
8,15: 8
0,11 0,12: 19
12,3: 16
10,9: 12
1,6: 12
15,8: 16
10,2: 7
10,4: 4
1,1: 16
2,0: 13
11,12: 3
6,0: 12
6,9: 14
7,8: 7